tree
version=v4
num_class=1
num_tree_per_iteration=1
label_index=0
max_feature_idx=15
objective=regression
feature_names=Column_0 Column_1 Column_2 Column_3 Column_4 Column_5 Column_6 Column_7 Column_8 Column_9 Column_10 Column_11 Column_12 Column_13 Column_14 Column_15
feature_infos=[0:24.224003333333393] [0:24.281355010309376] [0:75.677564159209467] [-1:1] [0:96.526159913928439] [-1.52002756410233:0.95327435897459267] [-466.6666666669318:466.66666666772466] [-100:100] [-11.797591587640172:7.5652838617017117] [-4.2198000000000011:2.2899999999999991] [-0.36884174924891322:2.1435893615035875] [-0.45131914655530614:0.32697469127735651] [-29.102269670825322:20.974634146341465] [-0.29102269670825326:0.2097463414634147] [0:1.2097463414634146] [0:0.72686460599337432]
tree_sizes=2592 1968 2282 1829

Tree=0
num_leaves=25
num_cat=0
split_feature=10 12 12 7 7 0 2 2 4 15 7 10 0 2 2 15 1 4 2 8 2 2 2 0
split_gain=0.00568358 0.00775944 0.0112968 0.0038262 0.00376087 0.00305698 0.0176234 0.00274806 0.00213167 0.00548147 0.0018559 0.00256317 0.00181465 0.00848202 0.000979919 0.000800474 0.000797716 0.0003368 0.000291494 0.000196477 0.00012076 6.97722e-05 1.82234e-06 4.85662e-07
threshold=0.0070300034299553412 -0.21189561636423268 -0.72785274546157119 -41.349562043732881 7.8743749671549237 11.828033333333307 10.342038256609767 13.431104858673487 36.203725982427976 0.028252626759534782 -25.860759990638076 -0.0080774766112199844 12.365370833333367 13.580467211587424 9.3418811966846391 0.016827205333720369 9.6230706576055951 33.421112293666631 10.521297697025236 -0.17280584014023256 10.432803159714057 6.2434597588026657 21.539290185261343 8.6689824999999789
decision_type=6 4 6 4 6 4 4 4 6 6 6 4 4 4 6 6 6 6 4 6 4 6 6 6
left_child=3 2 7 8 10 6 -3 -2 16 22 15 -12 14 -14 -7 -5 -1 19 21 -6 -8 -4 -10 -19
right_child=1 5 18 4 17 12 20 -9 9 -11 11 -13 13 -15 -16 -17 -18 23 -20 -21 -22 -23 -24 -25
leaf_value=1.1943351441134208e-05 0.00019396467966200271 7.323698042361339e-05 1.8443621083758109e-05 1.5502974171669197e-05 1.7157661128968874e-05 9.995721443023372e-05 1.8443621083758109e-05 6.3143667514808241e-05 1.8443621083758109e-05 8.3738298823684008e-05 1.3680054179831002e-06 1.4746770374391196e-05 2.9565969904421435e-05 -1.5596044988398072e-05 2.0912813027370833e-05 2.4981723205173424e-05 3.0334024088424067e-05 1.8443621083758109e-05 1.8443621083758109e-05 2.2820867373400892e-05 1.3276164183705388e-05 4.5438015247713724e-05 1.9631156237917696e-05 1.8280420784239915e-05
leaf_weight=2905 696 6516 63 10516 1649 287 184 695 1576 2269 14686 197102 8609 6284 1397 20750 4627 3436 1897 78406 13545 686 1161 16409
leaf_count=2905 696 6516 63 10516 1649 287 184 695 1576 2269 14686 197102 8609 6284 1397 20750 4627 3436 1897 78406 13545 686 1161 16409
internal_value=1.84436e-05 2.92676e-05 6.92657e-05 1.74609e-05 1.68262e-05 2.44726e-05 3.24307e-05 0.000139527 3.36238e-05 4.92373e-05 1.47831e-05 1.37481e-05 1.56577e-05 1.15152e-05 4.33617e-05 2.13139e-05 2.12502e-05 2.16469e-05 2.6601e-05 2.25168e-05 1.41507e-05 4.26087e-05 1.84436e-05 1.84436e-05
internal_weight=0 40859 4037 355492 342954 36822 20245 1391 12538 5006 243054 211788 16577 14893 1684 31266 7532 99900 2646 80055 13729 749 2737 19845
internal_count=396351 40859 4037 355492 342954 36822 20245 1391 12538 5006 243054 211788 16577 14893 1684 31266 7532 99900 2646 80055 13729 749 2737 19845
is_linear=0
shrinkage=1


Tree=1
num_leaves=19
num_cat=0
split_feature=9 10 2 7 1 4 3 10 2 0 10 1 10 15 4 15 7 4
split_gain=0.00559613 0.00856269 0.00420103 0.00328713 0.00259813 0.00202077 0.00120356 0.000970997 0.00177249 0.000997389 0.00080929 0.000812487 0.00069447 0.00140819 0.000681068 0.000346172 0.00018582 7.21845e-05
threshold=-0.087749999999999759 0.004317988236425682 10.592628805981436 -4.1474368275142206 9.7186979886155704 32.563172687495488 0.16170914963835389 -0.0028870947464529912 12.978365405430131 17.055056666666616 -0.00057305705538536185 10.948730132694473 -0.0068623039221320254 0.027904821833431837 25.462712428795992 0.019652576326841292 -43.919170165396814 58.769064871371256
decision_type=4 6 4 4 4 6 6 4 4 6 6 6 6 6 6 6 6 6
left_child=1 2 10 15 12 6 -4 9 -9 -6 11 -1 14 -14 -5 -2 -17 -7
right_child=3 -3 5 4 7 17 -8 8 -10 -11 -12 -13 13 -15 -16 16 -18 -19
leaf_value=-3.4775234706699922e-05 -2.5256738195414186e-06 7.7660109266761788e-05 1.3012076272234163e-05 0 -5.5640073251193061e-06 3.2426326039146694e-05 -1.2088231504702427e-05 2.9720455859240644e-06 -3.7473615633043156e-06 -5.4604197215416287e-05 1.2809739669837602e-05 -3.8070274089250235e-06 4.258566596738969e-06 1.6872534408347318e-05 -3.7596193364841856e-05 0 -6.3113301730439289e-06 0
leaf_weight=1655 71554 1839 6266 200 5168 5854 1823 68856 71461 577 537 4258 74735 10326 614 1346 68724 380
leaf_count=1655 71554 1839 6266 200 5168 5854 1823 68856 71461 577 537 4258 74735 10326 614 1346 68724 380
internal_value=0 1.46127e-05 8.30223e-06 -7.51194e-07 1.39907e-06 1.77602e-05 5.49977e-06 -9.48422e-07 -3.43137e-07 -1.31167e-05 -1.03745e-05 -1.50195e-05 5.56645e-06 5.96654e-06 -1.77724e-05 -4.37856e-06 -6.05649e-06 3.12566e-05
internal_weight=0 22612 20773 373561 231937 14323 8089 146062 140317 5745 6450 5913 85875 85061 814 141624 70070 6234
internal_count=396173 22612 20773 373561 231937 14323 8089 146062 140317 5745 6450 5913 85875 85061 814 141624 70070 6234
is_linear=0
shrinkage=0.03


Tree=2
num_leaves=22
num_cat=0
split_feature=10 10 2 2 8 2 11 9 7 15 1 0 2 2 2 5 7 7 11 7 8
split_gain=0.00542784 0.0085921 0.0280423 0.00650043 0.00976091 0.0052713 0.00208436 0.00174954 0.0013541 0.000830179 0.000802635 0.00059019 0.000527493 0.000495813 0.00120297 0.00320133 0.00100871 0.000325227 0.00027451 0.000131308 0.00011227
threshold=0.0042326640675995142 0.015633058287644146 7.6991666732685085 15.479814853968321 -0.3071958811520758 11.120082293335544 0.0019384626052449485 0.048999999999999939 5.4623767214845413 0.028926821658841032 15.190252101417274 20.021160000000062 28.579786724440797 11.264768799183733 15.479814853968321 -0.04368974358915078 15.117411482890278 -5.0580891069289828 -0.0049719048670326524 -15.386997659237368 0.15946529075920993
decision_type=4 6 4 4 6 4 4 6 4 6 6 6 4 6 6 6 6 4 6 6 6
left_child=7 5 11 4 -4 20 9 13 -5 -7 -8 -3 18 16 19 -16 17 -1 -9 -15 -2
right_child=1 2 3 8 -6 6 10 12 -10 -11 -12 -13 -14 14 15 -17 -18 -19 -20 -21 -22
leaf_value=-4.8647305613553062e-06 7.8632003138971249e-06 0.00018777303832773367 0.00028639393025440695 4.3014102058860134e-05 2.6015423397376865e-05 0 -4.4281069855251624e-06 -1.7699478297721366e-05 -2.0573467285779858e-05 2.7637883955275842e-05 -2.4255892091506786e-05 0 1.8760336817593973e-07 -1.0140889397750859e-07 2.0762059546185259e-05 7.1176429367423799e-07 6.0118629385966475e-06 -9.9800309795082934e-07 -5.58735518566278e-06 -3.6515850342003644e-06 1.720283787124833e-05
leaf_weight=55586 9809 994 146 197 5997 1457 30598 7571 3570 2309 2493 82 1027 22893 7834 111792 10911 48398 8790 49332 14832
leaf_count=55586 9809 994 146 197 5997 1457 30598 7571 3570 2309 2493 82 1027 22893 7834 111792 10911 48398 8790 49332 14832
internal_value=0 7.86175e-06 3.2455e-05 1.49843e-05 3.4736e-05 3.2236e-06 -3.63768e-06 -1.20719e-06 -1.32472e-05 1.64377e-05 -6.37653e-06 0.00017912 -1.05215e-05 -6.30234e-07 2.33478e-07 2.15052e-06 -2.20299e-06 -3.20932e-06 -1.21104e-05 -2.73401e-06 1.40946e-05
internal_weight=0 72484 10986 9910 6143 61498 36857 324134 3767 3766 33091 1076 17388 306746 191851 119626 114895 103984 16361 72225 24641
internal_count=396618 72484 10986 9910 6143 61498 36857 324134 3767 3766 33091 1076 17388 306746 191851 119626 114895 103984 16361 72225 24641
is_linear=0
shrinkage=0.03


Tree=3
num_leaves=18
num_cat=0
split_feature=13 4 10 10 0 5 10 0 10 4 4 14 1 3 3 3 3
split_gain=0.0032287 0.00480393 0.011481 0.00440027 0.0036757 0.003286 0.00300904 0.00336966 0.00470428 0.00367968 0.00109147 0.00122043 0.000849391 0.000673951 0.000447412 0.000180501 0.000178363
threshold=-0.0065930004518317429 32.11206636220615 0.0042759574427048445 -0.048130325849867907 10.46513083333334 -0.027729166665991119 -0.014806356913457207 14.616518333333287 0.0066387170925008912 21.817788724064069 25.379720636012468 1.0015635775312306 10.569131232838128 0.21975558074211041 -0.40000000000006181 -0.52800000000002401 -0.071918935439917758
decision_type=4 6 6 4 6 6 4 4 4 4 6 6 6 4 6 6 4
left_child=1 2 5 -2 16 14 10 8 -8 -9 12 -12 -5 -6 -1 -15 -3
right_child=3 4 -4 6 13 -7 7 9 -10 -11 11 -13 -14 15 -16 -17 -18
leaf_value=1.4403628639301505e-05 0.00023814761449339919 8.832567062508125e-06 8.4255768595574215e-05 -2.4799417954594132e-05 5.1056510257504957e-05 -1.8016778818372612e-05 -7.9900986190010939e-07 2.8883192034252053e-06 1.0690767220161677e-05 -1.7517562005973791e-05 -1.3343924682236938e-05 -6.5125393087880087e-05 3.773663485122694e-05 0 0 1.4501285238626176e-05 0
leaf_weight=3834 67 2796 1374 331 4143 9637 294026 11185 35873 20429 2588 1055 391 124 4609 1249 2036
leaf_count=3834 67 2796 1374 331 4143 9637 294026 11185 35873 20429 2588 1055 391 124 4609 1249 2036
internal_value=0 9.5623e-06 0 -7.03335e-07 2.60967e-05 -5.58799e-06 -7.89373e-07 -4.48086e-07 4.0497e-07 -9.82381e-06 -2.56071e-05 -3.24824e-05 0 4.32025e-05 6.82317e-06 8.55437e-06 3.45661e-06
internal_weight=0 29802 19454 365945 10348 18080 365878 361513 329899 31614 4365 3643 722 5516 8443 1373 4832
internal_count=395747 29802 19454 365945 10348 18080 365878 361513 329899 31614 4365 3643 722 5516 8443 1373 4832
is_linear=0
shrinkage=0.03


end of trees

feature_importances:
Column_2=16
Column_10=12
Column_7=9
Column_4=8
Column_0=7
Column_1=5
Column_3=5
Column_15=5
Column_8=3
Column_5=2
Column_9=2
Column_11=2
Column_12=2
Column_13=1
Column_14=1

parameters:
[boosting: gbdt]
[objective: regression]
[metric: rmse]
[tree_learner: serial]
[device_type: cpu]
[data_sample_strategy: bagging]
[data: ]
[valid: ]
[num_iterations: 100]
[learning_rate: 0.03]
[num_leaves: 31]
[num_threads: 0]
[seed: 17]
[deterministic: 0]
[force_col_wise: 0]
[force_row_wise: 0]
[histogram_pool_size: -1]
[max_depth: 5]
[min_data_in_leaf: 50]
[min_sum_hessian_in_leaf: 0.001]
[bagging_fraction: 0.7]
[pos_bagging_fraction: 1]
[neg_bagging_fraction: 1]
[bagging_freq: 1]
[bagging_seed: 17]
[feature_fraction: 1]
[feature_fraction_bynode: 1]
[feature_fraction_seed: 17]
[extra_trees: 1]
[extra_seed: 17]
[early_stopping_round: 50]
[first_metric_only: 1]
[max_delta_step: 0]
[lambda_l1: 0.5]
[lambda_l2: 2]
[linear_lambda: 0]
[min_gain_to_split: 0]
[drop_rate: 0.1]
[max_drop: 50]
[skip_drop: 0.5]
[xgboost_dart_mode: 0]
[uniform_drop: 0]
[drop_seed: 17]
[top_rate: 0.2]
[other_rate: 0.1]
[min_data_per_group: 100]
[max_cat_threshold: 32]
[cat_l2: 10]
[cat_smooth: 10]
[max_cat_to_onehot: 4]
[top_k: 20]
[monotone_constraints: ]
[monotone_constraints_method: basic]
[monotone_penalty: 0]
[feature_contri: ]
[forcedsplits_filename: ]
[refit_decay_rate: 0.9]
[cegb_tradeoff: 1]
[cegb_penalty_split: 0]
[cegb_penalty_feature_lazy: ]
[cegb_penalty_feature_coupled: ]
[path_smooth: 0]
[interaction_constraints: ]
[verbosity: -1]
[saved_feature_importance_type: 0]
[use_quantized_grad: 0]
[num_grad_quant_bins: 4]
[quant_train_renew_leaf: 0]
[stochastic_rounding: 1]
[linear_tree: 0]
[max_bin: 600]
[max_bin_by_feature: ]
[min_data_in_bin: 3]
[bin_construct_sample_cnt: 200000]
[data_random_seed: 17]
[is_enable_sparse: 1]
[enable_bundle: 1]
[use_missing: 1]
[zero_as_missing: 1]
[feature_pre_filter: 1]
[pre_partition: 0]
[two_round: 0]
[header: 0]
[label_column: ]
[weight_column: ]
[group_column: ]
[ignore_column: ]
[categorical_feature: ]
[forcedbins_filename: ]
[precise_float_parser: 0]
[parser_config_file: ]
[objective_seed: 20363]
[num_class: 1]
[is_unbalance: 0]
[scale_pos_weight: 1]
[sigmoid: 1]
[boost_from_average: 1]
[reg_sqrt: 0]
[alpha: 0.9]
[fair_c: 1]
[poisson_max_delta_step: 0.7]
[tweedie_variance_power: 1.5]
[lambdarank_truncation_level: 30]
[lambdarank_norm: 1]
[label_gain: ]
[lambdarank_position_bias_regularization: 0]
[eval_at: ]
[multi_error_top_k: 1]
[auc_mu_weights: ]
[num_machines: 1]
[local_listen_port: 12400]
[time_out: 120]
[machine_list_filename: ]
[machines: ]
[gpu_platform_id: -1]
[gpu_device_id: -1]
[gpu_use_dp: 0]
[num_gpu: 1]

end of parameters

pandas_categorical:null
